500

2 1

3 1

3 4

4 1

4 4

4 9

5 1

5 4

5 9

5 16

6 1

6 4

6 9

6 16

6 25

362 1089

442 80656

466 85849

353 17424

526 156816

403 99856

43 729

676 625

982 11025

2 1

967 659344

495 137641

561 100

941 698896

922 104976

583 191844

237 3721

537 277729

369 51529

982 61504

36 576

735 497025

363 94864

352 81796

590 40401

246 40804

862 558009

938 1369

130 7396

102 2209

594 154449

522 67081

101 7056

894 54289

951 512656

867 117649

225 14641

764 12769

793 182329

621 131044

693 86436

902 627264

831 60025

830 323761

946 71824

367 74529

580 1764

497 25600

578 164025

268 70756

820 51529

622 13689

644 45369

390 62001

261 5929

456 64

176 19881

644 7225

78 1225

525 238144

803 199809

376 289

624 73984

922 435600

625 280900

968 477481

933 234256

938 527076

655 104329

851 529

592 62001

218 7921

443 126025

190 2116

483 222784

205 1089

102 324

749 341056

354 73441

403 3136

275 51984

2 1

426 1225

380 121

272 484

145 2209

758 274576

857 253009

207 40401

793 257049

542 216225

579 121

713 5776

181 1521

945 310249

348 106276

889 2304

900 405769

242 33489

64 625

128 9

92 1521

57 1296

317 15129

629 300304

156 19881

595 78400

635 342225

84 5329

505 30976

571 2916

978 13924

425 45796

364 24336

579 251001

614 20736

67 4356

121 13456

474 112225

807 216225

845 361

447 172225

579 286225

783 4624

802 87025

804 521284

503 66564

118 9409

253 8281

817 115600

172 14161

25 361

102 7396

472 55696

285 77841

704 625

988 329476

195 30276

295 441

792 72900

557 245025

394 1296

741 12544

902 285156

728 366025

615 239121

552 137641

594 102400

423 156025

701 44100

751 419904

95 196

526 97969

416 29241

553 136161

873 12544

837 9216

877 407044

763 190969

371 676

360 89401

887 3364

949 161604

651 75625

262 11664

298 11664

478 190096

679 94249

457 158404

453 26569

887 477481

58 100

596 242064

2 1

434 55225

534 201601

630 69696

303 2809

312 4096

957 30276

435 29929

511 47961

980 58081

517 72900

322 81225

25 400

691 151321

878 370881

605 223729

633 327184

185 30625

720 149769

836 1936

187 24649

953 34596

640 6400

498 44521

63 225

474 8281

954 375769

409 9

641 20449

763 5625

575 159201

2 1

513 218089

646 146689

750 15876

525 168921

106 144

810 185761

423 79524

108 6400

181 29241

512 59536

451 93636

850 9216

406 72361

519 112896

444 147456

937 40804

325 41616

870 5929

137 15625

343 110889

666 11664

260 62001

811 9025

367 256

406 102400

85 5929

231 17689

661 46656

521 69696

732 98596

514 13689

937 331776

65 1369

738 33124

501 127449

249 10816

627 236196

9 49

625 58081

642 322624

385 3025

347 1089

162 23104

110 961

866 35344

83 361

529 29929

738 28900

81 144

130 10201

884 127449

126 15376

426 22801

564 50625

697 126736

789 8649

658 103684

106 25

208 20736

140 7225

960 8836

855 106929

789 537289

681 193600

520 130321

818 285156

533 190096

655 202500

448 120409

425 139129

504 144

201 7056

52 1521

962 192721

924 10816

451 156816

598 16384

100 1849

449 143641

935 3721

343 9216

937 693889

686 175561

482 144400

938 281961

488 126025

530 15129

956 893025

236 2601

644 784

554 256036

335 5329

693 28224

794 88209

76 49

766 384400

307 529

659 400689

875 470596

8 9

354 9801

570 48841

380 36100

138 2704

989 210681

632 1296

817 577600

835 95481

619 94249

433 3249

434 186624

430 31684

776 260100

988 69169

48 2209

580 253009

237 4900

417 900

895 625

404 9604

786 183184

377 71289

92 2025

741 409600

909 413449

349 51076

888 734449

71 81

999 235225

275 1089

168 2809

234 11881

485 165649

204 5776

8 1

621 334084

836 169

259 12100

547 145924

484 220900

988 48400

342 42436

935 1600

691 438244

602 180625

335 76176

354 16

113 9

320 625

625 50176

844 707281

866 288369

887 393129

5 1

894 322624

604 2601

394 152881

477 9604

93 1296

965 478864

954 425104

910 164025

524 127449

40 25

313 94864

733 101761

55 1600

940 205209

476 43681

748 544644

342 2209

261 46656

384 2601

727 149769

388 8281

304 256

33 169

131 3364

90 1

435 47961

428 131769

435 88209

753 17161

159 9409

553 222784

270 5776

78 36

606 61504

834 561001

603 17424

74 9

142 1024

532 17161

628 90000

585 184041

562 250000

629 354025

893 625

173 23716

556 22500

954 56169

870 14641

157 5329

633 246016

921 683929

668 252004

473 178084

876 384400

318 44100

773 212521

622 35344

15 49

829 651249

958 799236

501 63001

751 174724

353 36864

571 96100

820 99225

405 37249

38 1156

277 5329

480 40401

105 9801

677 12321

609 1225

378 106929

842 121801

681 343396

771 23104

3 4

361 6724

637 1681

818 178929

494 135424

333 5776

274 17424

340 44100

674 13225

212 29584

959 32761

638 56169

945 83521

682 63504

473 127449

786 292681

351 6400

971 292681

371 3364

920 22500

945 33124

580 54289

554 292681

853 632025

330 107584

812 429025

556 44521

811 426409

257 441

376 38025

920 597529

178 15876

625 30625

949 801025

199 10816

825 556516

687 3025

482 28224

1000 4

999 4

997 4

1000 9

999 9

998 9

998 16

997 16

983 25

995 36

994 36

678 49
